1466856237
1466855355
1466855157
1466853743
1466853569
1466853347
1466853235
1466852573
1466850837
1466849495
1466848773
1466848655
1466848359
1466848343
1466847529
1466845769
1466845617
1466845039
1466844855
1466844861
1466844715
1466844563
1466844485
1466843713
1466843035
1466842891
1466774523
1466774505
1466774493
1466774297
1466774269
1466773981
1466773961
1466773837
1466773547
1466773221
1466773145
1466773121
1466773049
1466773047
1466773017
1466772951
1466772495
1466772479
1466772269
1466772201
1466772117
1466771819
1466771759
1466771445
1466771381
1467005917
1467005771
1467005731
1467005345
1467005347
1467003383
1467002957
1467002409
1467002121
1467001633
1467001431
1467000847
1467000717
1467000495
1467000045
1466999419
1466999305
1466999229
1466998953
1466998499
1466997453
1466997345
1466996917
1466996381
1466996113
1466996031
1467019811
1467019523
1467019087
1467018735
1467017845
1467016101
1467015295
1467015169
1467014939
1467014353
1467013797
1467013213
1467012683
1467011757
1467011275
1467011169
1467010579
1467009931
1467009867
1467009521
1467009397
1467009229
1467006489
1467006347
1467006099
1466791833
1466791787
1466791647
1466791569
1466791187
1466791069
1466790991
1466790813
1466789995
1466789827
1466789609
1466789219
1466789133
1466789023
1466788989
1466788779
1466788645
1466788273
1466788225
1466788025
1466787967
1466969891
1466969741
1466969523
1466969107
1466968875
1466873607
1466871239
1466870995
1466868827
1466868579
1466867165
1466866515
1466866499
1466865373
1466864821
1466864593
1466864437
1466863849
1466861805
1466860795
1466860761
1466859595
1466858513
1466857275
1466856271
1466995853
1466995505
1466995469
1466994895
1466994215
1466993813
1466993647
1466993485
1466993315
1466992253
1466992209
1466991863
1466991489
1466990931
1466990417
1466990205
1466990047
1466989759
1466989513
1466989317
1466988769
1466988643
1466988409
1466988279
1466988053
1467237457
1467237081
1467231261
1467231157
1467229181
1466787957
1466787841
1466787755
1466787581
1466787463
1466787211
1466786889
1466786363
1466786251
1466786193
1466785947
1466785609
1466785483
1466785455
1466785393
1466785303
1466785233
1466785227
1466784407
1466784379
1466784021
1466783667
1466783575
1466783451
1466783333
1466783075
1467224279
1467213915
1467209219
1467200801
1467197487
1467194909
1467192721
1467157841
1467157405
1467156005
1467154345
1467154177
1467153143
1467151955
1467150349
1467149561
1467148555
1467147053
1467146963
1467145883
1467145631
1467143393
1467138283
1467138257
1467137879
1467134415
1466771329
1466771323
1466771223
1466771113
1466770819
1466770809
1466770661
1466770653
1466770657
1466770443
1466770339
1466770185
1466770177
1466770159
1466770089
1466770033
1466769971
1466769789
1466769763
1466769585
1466769589
1466769497
1466769409
1466769283
1466769139
1466982343
1466982209
1466981905
1466981799
1466981735
1466981453
1466981345
1466981177
1466980809
1466980567
1466980307
1466980253
1466979941
1466979887
1466979213
1466978671
1466978505
1466978317
1466978181
1466977939
1466977871
1466977865
1466977701
1466977529
1467134221
1467133599
1467133539
1467132539
1467128743
1467128695
1467127775
1467127431
1467126719
1467125883
1467123801
1467123179
1467123045
1467122721
1467121547
1467116633
1467116197
1467113699
1467111335
1467110657
1467104705
1467103363
1467100213
1467099277
1466768159
1466768157
1466768127
1466768109
1466768111
1466768045
1466768041
1466768031
1466768025
1466767925
1466767919
1466767911
1466767909
1466767877
1466767777
1466767763
1466767759
1466767727
1466767709
1466767615
1466767597
1466767561
1466767521
1466767493
1467097771
1467096341
1467093881
1467093083
1467092437
1467091961
1467091583
1467091075
1467089999
1467089125
1467088379
1467087601
1467085811
1467084843
1467083795
1467082997
1467082099
1467082061
1467081361
1467080283
1467080039
1467077477
1467076177
1467073909
1467072913
1467071937
1467070105
1467070099
1467068109
1467066869
1467066239
1467064053
1467063863
1467063223
1467061989
1467061167
1467060287
1467059657
1467058487
1467056767
1467056055
1467055965
1467055771
1467055293
1467054751
1467054319
1467051949
1467050703
1467049875
1467049743
1466977363
1466977199
1466977147
1466977023
1466976875
1466976655
1466976429
1466976363
1466975901
1466975785
1466974997
1466974733
1466974629
1466974521
1466974515
1466974197
1466973889
1466973823
1466973771
1466973619
1466973439
1466973345
1466973221
1466973163
1466805039
1466804487
1466803917
1466803197
1466801655
1466801517
1466800953
1466800729
1466799089
1466798381
1466798335
1466798305
1466798203
1466797045
1466796989
1466796453
1466796345
1466795095
1466794915
1466794845
1466793967
1466793851
1466792655
1466792321
1466792275
1466791959
1466816075
1466815035
1466814907
1466814899
1466813241
1466813187
1466813099
1466812673
1466812443
1466811841
1466811705
1466811503
1466810801
1466809209
1466809103
1466808987
1466808075
1466807687
1466807525
1466807449
1466807303
1466806917
1466806397
1466806133
1466777903
1466777795
1466777629
1466777603
1466777439
1466776817
1466776715
1466776435
1466776431
1466776397
1466776175
1466776133
1466776095
1466775981
1466775867
1466775825
1466775753
1466775691
1466775641
1466775611
1466775435
1466775063
1466774633
1466774561
1466842187
1466840753
1466840187
1466839993
1466839575
1466839245
1466838973
1466838451
1466837365
1466836939
1466835807
1466834071
1466833613
1466833387
1466832407
1466831733
1466831589
1466830875
1466830613
1466830399
1466830217
1466830003
1466829535
1466829309
1466829297
1466828529
1466828521
1466767453
1466767425
1466767373
1466767317
1466767239
1466767211
1466767161
1466767131
1466767047
1466769121
1466768979
1466768913
1466768899
1466768845
1466768797
1466768809
1466768775
1466768761
1466768713
1466768651
1466768625
1466768595
1466768587
1466768535
1466768463
1466768455
1466768439
1466768435
1466768309
1466768275
1466768269
1466768223
1466768219
1466768165
1467033017
1467032681
1467032085
1467031371
1467029631
1467029513
1467028323
1467027501
1467026065
1467026025
1467025921
1467025663
1467025439
1467025111
1467024477
1467024093
1467022953
1467022591
1467021623
1467021593
1467021379
1467021341
1467020337
1467020271
1467020019
1467047119
1467047053
1467046683
1467046491
1467046113
1467044501
1467043923
1467042353
1467042307
1467041891
1467041799
1467041149
1467040771
1467039513
1467039123
1467038819
1467037767
1467037205
1467037137
1467037043
1467036379
1467034749
1467034673
1467033653
1467033657
1466828043
1466827675
1466827249
1466826893
1466826861
1466826763
1466825787
1466825777
1466825605
1466825357
1466824785
1466824773
1466824657
1466824111
1466823979
1466823605
1466823427
1466821799
1466821389
1466820665
1466820555
1466818857
1466817515
1466817501
1466972961
1466972845
1466972513
1466972105
1466972039
1466972017
1466971913
1466971859
1466971847
1466971735
1466971647
1466971509
1466971167
1466971125
1466971019
1466971007
1466970801
1466970779
1466970713
1466970655
1466970477
1466970459
1466970423
1466970165
1466969959
1466782701
1466782553
1466782487
1466782301
1466782107
1466781887
1466781813
1466781607
1466781549
1466781251
1466781113
1466780847
1466780715
1466780635
1466780397
1466779605
1466779185
1466778789
1466778695
1466778523
1466778349
1466778299
1466778279
1466778175
1466778089
1466777995
1466988031
1466987925
1466987711
1466987541
1466987043
1466986989
1466986913
1466986813
1466986469
1466986389
1466986371
1466986007
1466985999
1466985897
1466985315
1466984949
1466984739
1466984709
1466984673
1466984407
1466984367
1466984353
1466983151
1466982961
1466982715
